+79883591303
+79883591304
+79883591305
+79883591306
+79883591307
+79883591308
+79883591309
+79883591310
+79883591311
+79883591312
+79883591314
+79883591316
+79883591317
+79883591261
+79883591262
+79883591263
+79883591264
+79883591265
+79883591266
+79883591267
+79883591268
+79883591269
+79883591270
+79883591271
+79883591272
+79883591273
+79883591274
+79883591288
+79883591280
+79883591281
+79883591282
+79883591283
+79883591284
+79883591285
+79883591286
+79883591287
+79883591289
+79883591290
+79883591291
+79883591292
+79883591293
+79883591294
+79883591295
+79883591296
+79883591297
+79883591298
+79883591299
+79883634484
+79898534152
+79898534156
